Techniques=
TechniqueSorting=Daltonize@Daltonize.fx,Deband@Deband.fx,DisplayDepth@DisplayDepth.fx,LUT@LUT.fx,UIMask_Top@UIMask.fx,UIMask_Bottom@UIMask.fx

[ArcaneBloom.fx]
uAdapt_DoLimits=1
uAdapt_Intensity=1.000000
uAdapt_Limits=0.000000,1.000000
uAdapt_Precision=0
uAdapt_Sensitivity=1.000000
uAdapt_Time=1.000000
uBloomIntensity=1.000000
uExposure=1.000000
uMaxBrightness=100.000000

[ArtisticVignette.fx]
BlendMode=0
VignetteColor=0.000000,0.000000,0.000000,1.000000
VignetteRatio=0.000000
VignetteShape=1
VignetteStartEnd=0.000000,1.000000
_Help=0

[ASCII.fx]
Ascii_background_color=0.000000,0.000000,0.000000
Ascii_dithering=1
Ascii_dithering_debug_gradient=0
Ascii_dithering_intensity=2.000000
Ascii_font=1
Ascii_font_color=1.000000,1.000000,1.000000
Ascii_font_color_mode=1
Ascii_invert_brightness=0
Ascii_spacing=1
Ascii_swap_colors=0

[Border.fx]
border_color=0.000000,0.000000,0.000000
border_ratio=2.350000
border_width=0.000000,0.000000

[Checkerboard.fx]
TileColorA=0.350000,0.350000,0.350000,1.000000
TileColorB=0.650000,0.650000,0.650000,1.000000
TileSize=20.000000
_Help=0

[ChromaticAberration.fx]
Shift=2.500000,-0.500000
Strength=0.500000

[ColorLab.fx]
Multiplier=1.000000,1.000000,1.000000

[Daltonize.fx]
Type=0

[Deband.fx]
banding_depth=1.000000
debug_output=0
enable_depthbuffer=0
enable_sdeviation=1
enable_weber=1
iterations=1
range=24.000000
t1=0.007000
t2=0.040000

[DepthAlpha.fx]
ClearPreviousAlpha=1
ColorizeTransparency=0
DepthMultiplier=1.000000,0.500000,0.000000
DepthRange=0.000000,1.000000
DepthSmoothness=1.000000
TestColor=0.000000,0.000000,0.000000,1.000000
_Help=0

[DisplayDepth.fx]
bUIShowOffset=0
bUIUseLivePreview=0
fUIDepthMultiplier=1.000000
fUIFarPlane=1000.000000
fUIScale=1.000000,1.000000
iUILogarithmic=0
iUIOffset=0,0
iUIPresentType=2
iUIReversed=0
iUIUpsideDown=0

[Dither.fx]
fDithering=0.500000
fQuantization=0.000000
iDitherMode=0

[FakeHDR.fx]
HDRPower=1.300000
radius1=0.793000
radius2=0.870000

[FilmGrain.fx]
Intensity=0.500000
Mean=0.500000
SignalToNoiseRatio=6
Variance=0.400000

[FocalDOF.fx]
DofScale=3.000000
FocusPoint=0.500000,0.500000
FocusTime=350.000000

[FXAA.fx]
EdgeThreshold=0.125000
EdgeThresholdMin=0.000000
Subpix=0.250000

[LUT.fx]
fLUT_AmountChroma=1.000000
fLUT_AmountLuma=1.000000

[MagicHDR.fx]
BlendingAmount=0.500000
BlendingBase=0.800000
BloomAmount=0.300000
BloomBrightness=3.000000
BloomSaturation=1.000000
BlurSize=0.500000
Exposure=0.000000
InputExposure=0.000000
InvTonemap=0
ShowBloom=0
Tonemap=5
_Credits=0
_Help=0
_WipWarn=0

[NormalMap.fx]
AddressMode=0
DistortionAmount=1.000000
Rotation=0.000000
TextureScale=6.000000
Translation=0.000000,0.000000
ZScale=1.000000
_WipWarn=0

[Overlay.fx]
bFollowMouse=0
bKeepAspectRatio=0
f2Center=0.500000,0.500000
fOpacity=1.000000
fStretch=1.000000

[Pong.fx]
BackgroundColor=0.000000,0.000000,0.000000,1.000000
BallColor=1.000000,0.000000,0.000000,1.000000
LaunchDelay=1.000000
MaxBallSpeed=3000.000000
Opacity=1.000000
PaddleColor=0.000000,0.000000,1.000000,1.000000
ScoreColor=0.000000,1.000000,0.000000,1.000000

[RetroFog.fx]
bAutoColor=0
bCurved=1
bDithering=1
f2Curve=0.000000,1.000000
f3Color=0.000000,0.000000,0.000000
fOpacity=1.000000
fQuantize=255.000000
fStart=0.000000

[SMAA.fx]
CornerRounding=25
DebugOutput=0
DepthEdgeDetectionThreshold=0.010000
EdgeDetectionThreshold=0.100000
EdgeDetectionType=1
MaxSearchSteps=32
MaxSearchStepsDiagonal=16
PredicationEnabled=0
PredicationScale=2.000000
PredicationStrength=0.400000
PredicationThreshold=0.010000

[Technicolor.fx]
Power=4.000000
RGBNegativeAmount=0.880000,0.880000,0.880000
Strength=0.400000

[UIMask.fx]
bDisplayMask=0
fMask_Intensity=1.000000
_Help=0

